Likes
5.0
72.0
155.0
13.0
140.0
10.0
25.0
19.0
6.0
5.0
3.0
12.0
65.0
6.0
8.0
22.0
70.0
1.0
18.0
125.0
3.0
56.0
155.0
5.0
11.0
259.0
31.0
2400.0
10.0
49.0
2.0
143.0
0.0
8.0
1600.0
3.0
12.0
51.0
199.0
23.0
7.0
28.0
102.0
7.0
117.0
148.0
39.0
37.0
29.0
29.0
6.0
100.0
41.0
8.0
8.0
15.0
5.0
6.0
56.0
8.0
3.0
42.0
1600.0
149.0
30.0
8.0
27.0
11.0
65.0
12.0
216.0
3.0
10.0
72.0
170.0
177.0
39.0
102.0
8.0
45.0
190.0
136.0
0.0
32.0
13.0
78.0
685.0
2.0
3.0
6.0
8.0
35.0
3.0
19.0
33.0
50.0
1.0
6.0
14.0
7.0
3.0
2.0
144.0
4.0
8.0
8.0
5.0
10.0
52.0
167.0
284.0
50.0
20.0
182.0
0.0
8.0
14.0
65.0
16.0
6.0
4.0
5.0
8.0
44.0
22.0
13.0
8.0
13.0
11.0
4.0
11.0
8.0
8.0
11.0
3.0
44.0
19.0
11.0
51.0
18.0
20.0
40.0
33.0
16.0
150.0
167.0
172.0
31.0
39.0
30.0
517.0
72.0
207.0
0.0
9.0
2.0
4.0
8.0
13.0
320.0
6.0
3.0
8.0
8.0
13.0
8.0
85.0
13.0
83.0
9.0
19.0
26.0
43.0
72.0
235.0
10.0
11.0
0.0
59.0
93.0
54.0
19.0
135.0
25.0
17.0
11.0
25.0
0.0
1.0
590.0
15.0
27.0
52.0
7.0
23.0
19.0
16.0
8.0
72.0
301.0
42.0
114.0
1.0
16.0
2.0
135.0
192.0
24.0
14.0
152.0
19.0
64.0
129.0
14.0
3.0
457.0
9.0
23.0
1.0
6.0
5.0
83.0
57.0
23.0
13.0
9.0
23.0
21.0
23.0
3.0
408.0
72.0
5.0
32.0
28.0
40.0
32.0
2.0
53.0
169.0
11.0
0.0
287.0
61.0
7.0
19.0
435.0
147.0
57.0
184.0
1800.0
72.0
15.0
0.0
120.0
5.0
72.0
51.0
5.0
5.0
20.0
3.0
931.0
11.0
13.0
80.0
10.0
24.0
24.0
21.0
8.0
5.0
4.0
52.0
6.0
11.0
22.0
12.0
30.0
112.0
10.0
346.0
19.0
19.0
7.0
384.0
5.0
5.0
199.0
76.0
19.0
27.0
78.0
23.0
1.0
9.0
198.0
65.0
19.0
6.0
4.0
223.0
14.0
46.0
6.0
18.0
417.0
34.0
21.0
95.0
32.0
46.0
1.0
6.0
21.0
33.0
17.0
7.0
8.0
13.0
415.0
35.0
5.0
46.0
67.0
7.0
32.0
9.0
5.0
53.0
47.0
52.0
55.0
136.0
337.0
0.0
211.0
400.0
315.0
33.0
13.0
5.0
19.0
27.0
27.0
356.0
5.0
2.0
100.0
4.0
11.0
6.0
1.0
290.0
2.0
61.0
16.0
15.0
9.0
14.0
62.0
140.0
32.0
67.0
89.0
4.0
333.0
19.0
19.0
0.0
1200.0
65.0
29.0
19.0
3.0
5.0
255.0
31.0
57.0
24.0
7.0
8.0
7.0
2.0
25.0
72.0
6.0
96.0
473.0
3.0
3.0
38.0
52.0
9.0
47.0
12.0
18.0
6.0
15.0
1.0
83.0
27.0
13.0
30.0
192.0
32.0
4.0
12.0
21.0
0.0
8.0
47.0
7.0
3.0
5.0
12.0
147.0
18.0
248.0
9.0
72.0
23.0
17.0
19.0
4.0
29.0
96.0
12.0
7.0
3.0
0.0
19.0
1200.0
2.0
4.0
15.0
17.0
37.0
156.0
76.0
21.0
41.0
19.0
97.0
56.0
4.0
5.0
42.0
13.0
24.0
8.0
0.0
69.0
19.0
24.0
6.0
249.0
21.0
7.0
11.0
15.0
13.0
72.0
19.0
37.0
30.0
256.0
15.0
5.0
12.0
50.0
286.0
3.0
19.0
41.0
9.0
31.0
249.0
66.0
27.0
67.0
4.0
47.0
123.0
59.0
14.0
26.0
25.0
16.0
2.0
101.0
33.0
3.0
739.0
22.0
114.0
2.0
16.0
10.0
0.0
2.0
5.0
38.0
3.0
18.0
0.0
42.0
0.0
60.0
19.0
69.0
132.0
73.0
6.0
13.0
7.0
8.0
231.0
3.0
19.0
3.0
19.0
5.0
1.0
11.0
19.0
19.0
14.0
98.0
122.0
71.0
52.0
23.0
2.0
89.0
8.0
86.0
1.0
2300.0
3.0
65.0
88.0
9.0
4.0
48.0
235.0
79.0
148.0
192.0
14.0
2.0
318.0
35.0
2.0
22.0
60.0
74.0
14.0
12.0
14.0
12.0
27.0
10.0
55.0
148.0
12.0
4.0
18.0
0.0
12.0
5.0
1500.0
19.0
37.0
3500.0
2.0
409.0
11.0
34.0
18.0
69.0
17.0
531.0
1.0
2.0
9.0
2.0
14.0
98.0
73.0
0.0
65.0
25.0
11.0
72.0
10.0
5.0
18.0
25.0
4.0
128.0
20.0
23.0
9.0
144.0
260.0
100.0
1.0
61.0
24.0
3500.0
15.0
7.0
140.0
7.0
33.0
1.0
1800.0
21.0
10.0
3.0
19.0
17.0
4.0
9.0
19.0
53.0
15.0
6.0
95.0
19.0
3.0
12.0
161.0
10.0
88.0
63.0
16.0
931.0
26.0
6.0
72.0
259.0
6.0
2.0
13.0
16.0
179.0
81.0
23.0
23.0
13.0
48.0
63.0
21.0
3.0
11.0
1.0
31.0
187.0
9.0
16.0
76.0
7.0
106.0
9.0
5.0
7.0
236.0
17.0
53.0
17.0
195.0
15.0
23.0
2.0
4.0
13.0
71.0
511.0
28.0
1100.0
117.0
192.0
167.0
132.0
12.0
35.0
67.0
289.0
97.0
60.0
531.0
157.0
19.0
3.0
9.0
35.0
58.0
107.0
73.0
9.0
52.0
76.0
3.0
170.0
27.0
9.0
12.0
318.0
506.0
202.0
16.0
35.0
5.0
10.0
3.0
5.0
21.0
29.0
48.0
74.0
3.0
1100.0
260.0
19.0
71.0
7.0
7.0
201.0
72.0
12.0
1.0
341.0
2.0
4.0
590.0
42.0
39.0
19.0
2300.0
13.0
7.0
7.0
36.0
129.0
14.0
8.0
1.0
19.0
1.0
37.0
42.0
11.0
52.0
72.0
19.0
29.0
19.0
26.0
44.0
11.0
8.0
5.0
745.0
2.0
12.0
9.0
126.0
67.0
25.0
99.0
13.0
15.0
12.0
0.0
39.0
1.0
3.0
12.0
1100.0
78.0
9.0
1200.0
4.0
156.0
6.0
13.0
95.0
5.0
8.0
44.0
11.0
148.0
18.0
54.0
211.0
7.0
2.0
49.0
19.0
19.0
3.0
2.0
22.0
19.0
0.0
27.0
11.0
9.0
12.0
93.0
33.0
48.0
94.0
52.0
4.0
30.0
5.0
1.0
33.0
9.0
22.0
4.0
31.0
11.0
4.0
2100.0
5.0
26.0
408.0
4.0
877.0
21.0
15.0
19.0
539.0
733.0
46.0
4.0
15.0
50.0
29.0
45.0
14.0
15.0
72.0
2.0
19.0
7.0
3.0
109.0
1.0
19.0
19.0
9.0
2300.0
2.0
506.0
72.0
173.0
2600.0
249.0
23.0
4.0
1.0
10.0
3.0
6.0
10.0
4.0
29.0
124.0
3.0
2.0
28.0
17.0
1500.0
10.0
90.0
2.0
12.0
65.0
13.0
29.0
4.0
8.0
89.0
1.0
0.0
17.0
58.0
136.0
71.0
33.0
140.0
49.0
4.0
1.0
3.0
30.0
5.0
30.0
62.0
37.0
32.0
102.0
19.0
101.0
21.0
6.0
16.0
22.0
10.0
4.0
8.0
6.0
39.0
27.0
7.0
33.0
13.0
38.0
7.0
38.0
109.0
150.0
16.0
12.0
20.0
150.0
27.0
425.0
19.0
19.0
16.0
9.0
406.0
0.0
57.0
4.0
1.0
68.0
11.0
980.0
5.0
100.0
10.0
97.0
49.0
20.0
89.0
226.0
2.0
167.0
22.0
20.0
24.0
24.0
55.0
22.0
1.0
16.0
19.0
1.0
96.0
8.0
18.0
72.0
64.0
29.0
56.0
30.0
1.0
473.0
27.0
2.0
2.0
2.0
18.0
90.0
13.0
2600.0
102.0
14.0
24.0
30.0
3.0
16.0
26.0
13.0
7.0
3.0
50.0
10.0
37.0
1200.0
1.0
44.0
94.0
62.0
3.0
4.0
42.0
3.0
42.0
25.0
248.0
369.0
0.0
22.0
3.0
8.0
14.0
1200.0
33.0
52.0
5.0
68.0
2.0
129.0
2.0
57.0
36.0
21.0
2.0
7.0
169.0
9.0
14.0
15.0
0.0
56.0
0.0
3.0
3.0
2.0
3.0
261.0
3.0
8.0
44.0
144.0
74.0
48.0
78.0
22.0
2.0
6.0
13.0
259.0
8.0
31.0
6.0
59.0
41.0
33.0
3.0
5.0
4.0
5.0
13.0
402.0
47.0
23.0
8.0
3.0
17.0
559.0
41.0
3.0
5.0
187.0
79.0
18.0
3.0
44.0
72.0
335.0
22.0
2.0
0.0
29.0
27.0
7.0
4.0
877.0
9.0
5.0
5.0
13.0
12.0
6.0
434.0
10.0
1.0
79.0
3.0
48.0
34.0
0.0
2.0
7.0
2.0
19.0
45.0
126.0
56.0
5.0
13.0
0.0
2.0
19.0
22.0
37.0
69.0
40.0
27.0
169.0
17.0
99.0
52.0
60.0
0.0
8.0
5.0
18.0
31.0
2.0
23.0
9.0
10.0
2.0
17.0
10.0
16.0
3.0
8.0
156.0
140.0
19.0
23.0
14.0
8.0
26.0
4.0
7.0
16.0
78.0
2100.0
318.0
6.0
31.0
2.0
4.0
1.0
119.0
42.0
6.0
82.0
58.0
31.0
54.0
120.0
144.0
201.0
11.0
3.0
4.0
1.0
40.0
8.0
15.0
56.0
1.0
2.0
9.0
1100.0
42.0
7.0
16.0
44.0
2.0
38.0
2.0
1.0
3.0
15.0
12.0
315.0
41.0
16.0
534.0
8.0
147.0
508.0
3.0
210.0
0.0
74.0
83.0
109.0
2.0
40.0
19.0
4.0
31.0
6.0
14.0
49.0
5.0
23.0
33.0
8.0
56.0
6.0
1.0
2.0
3.0
2.0
4.0
40.0
114.0
2.0
2.0
9.0
5.0
11.0
16.0
3.0
8.0
5.0
425.0
2.0
3.0
17.0
3.0
35.0
35.0
90.0
402.0
7.0
19.0
16.0
2.0
17.0
8.0
67.0
156.0
24.0
16.0
188.0
14.0
30.0
6.0
7.0
33.0
56.0
1.0
40.0
19.0
1.0
69.0
15.0
28.0
72.0
29.0
12.0
2.0
4.0
382.0
2.0
2.0
35.0
2.0
32.0
2.0
152.0
56.0
23.0
19.0
44.0
7.0
24.0
0.0
15.0
7.0
9.0
9.0
3.0
123.0
7.0
434.0
980.0
22.0
1.0
11.0
20.0
6.0
117.0
35.0
348.0
51.0
31.0
32.0
11.0
16.0
559.0
9.0
1.0
11.0
12.0
147.0
230.0
0.0
49.0
287.0
14.0
66.0
19.0
6.0
987.0
19.0
8.0
5.0
1.0
12.0
28.0
2.0
13.0
25.0
82.0
19.0
17.0
92.0
0.0
170.0
80.0
2100.0
223.0
7.0
2.0
18.0
7.0
26.0
3.0
2.0
223.0
6.0
29.0
4.0
2.0
36.0
15.0
12.0
27.0
1.0
25.0
0.0
8.0
8.0
6.0
5.0
56.0
4.0
32.0
25.0
8.0
6.0
5.0
53.0
34.0
150.0
9.0
32.0
43.0
41.0
14.0
457.0
383.0
12.0
17.0
7.0
8.0
3.0
6.0
13.0
40.0
1.0
8.0
511.0
15.0
5.0
2.0
2.0
5.0
20.0
33.0
19.0
5.0
67.0
4.0
91.0
17.0
3.0
19.0
12.0
6.0
1.0
77.0
23.0
21.0
65.0
534.0
23.0
6.0
1.0
142.0
5.0
19.0
176.0
28.0
54.0
9.0
42.0
126.0
2.0
9.0
6.0
6.0
88.0
7.0
16.0
1100.0
8.0
19.0
6.0
88.0
18.0
2.0
1.0
22.0
2.0
7.0
72.0
37.0
9.0
29.0
16.0
47.0
79.0
19.0
51.0
517.0
113.0
19.0
21.0
59.0
30.0
56.0
0.0
19.0
147.0
23.0
148.0
35.0
68.0
434.0
11.0
176.0
4.0
10.0
16.0
98.0
21.0
27.0
57.0
181.0
3.0
53.0
27.0
1.0
72.0
61.0
13.0
38.0
3.0
31.0
24.0
4.0
1600.0
36.0
8.0
34.0
4.0
3.0
13.0
45.0
6.0
8.0
3.0
22.0
1.0
6.0
26.0
24.0
75.0
6.0
26.0
0.0
0.0
65.0
73.0
13.0
25.0
21.0
46.0
19.0
11.0
4.0
208.0
4.0
11.0
23.0
7.0
19.0
10.0
39.0
1.0
152.0
187.0
58.0
18.0
3.0
19.0
19.0
17.0
10.0
23.0
406.0
4.0
5.0
3.0
8.0
34.0
24.0
8.0
15.0
16.0
76.0
7.0
341.0
88.0
8.0
35.0
0.0
8.0
72.0
19.0
534.0
1.0
130.0
33.0
6.0
40.0
6.0
2.0
43.0
3.0
